0 0.9353125 0.7575 0.12937500000000002 0.371666
0 0.06 0.7533335000000001 0.12 0.3833329999999999
0 0.20906249999999998 0.8466670000000001 0.323125 0.30500000000000016
0 0.128125 0.5554165 0.11000000000000001 0.16416699999999995
0 0.23281250000000003 0.452917 0.06312500000000001 0.03749999999999994
0 0.23500000000000001 0.418333 0.03875000000000001 0.06499999999999995
0 0.2553125 0.4991665 0.05437499999999998 0.09666700000000006
0 0.32406250000000003 0.40875 0.05687499999999995 0.09083399999999993
0 0.33625 0.382083 0.030000000000000027 0.07250000000000001
0 0.596875 0.3691665 0.03500000000000003 0.05666700000000002
0 0.645625 0.38833350000000005 0.03374999999999995 0.05666700000000002
0 0.6578125 0.42625 0.04812499999999997 0.080834
0 0.69625 0.410833 0.03749999999999998 0.0949999999999999
0 0.744375 0.4904165 0.07125000000000004 0.13083300000000006
0 0.7546875 0.43375 0.05812499999999998 0.079166
0 0.88625 0.555 0.08624999999999994 0.09833400000000007