0 0.611875 0.895872 0.11124999999999996 0.17448400000000008
0 0.014687500000000001 0.7636025 0.024375 0.07129499999999998
0 0.052812500000000005 0.914634 0.08812500000000001 0.1688559999999999
0 0.0315625 0.7818949999999999 0.025625 0.09662200000000006
0 0.0678125 0.914634 0.074375 0.13133199999999998
0 0.044687500000000005 0.7162289999999999 0.010625000000000002 0.042213999999999974
0 0.049687499999999996 0.8011259999999999 0.018124999999999995 0.08817999999999986
0 0.058125 0.7284240000000001 0.021250000000000005 0.045966000000000125
0 0.086875 0.816604 0.06124999999999999 0.08911800000000007
0 0.07593749999999999 0.738274 0.029375 0.07129399999999993
0 0.09718750000000001 0.7462475000000001 0.030625 0.05159499999999995
0 0.1246875 0.933865 0.07062500000000001 0.1303939999999999
0 0.1178125 0.7636025 0.03312499999999999 0.097561
0 0.144375 0.8367730000000001 0.05125000000000002 0.1088180000000001
0 0.1478125 0.772045 0.044375000000000026 0.08067599999999996
0 0.1696875 0.945122 0.073125 0.10787999999999988
0 0.17281249999999998 0.8395875 0.040624999999999994 0.12382700000000002
0 0.1740625 0.7729835 0.043125 0.07504699999999996
0 0.1734375 0.7040335 0.03437499999999999 0.05534700000000003
0 0.21250000000000002 0.848499 0.056249999999999994 0.12101399999999998
0 0.24562499999999998 0.7809569999999999 0.06125 0.06660399999999995
0 0.2546875 0.8672610000000001 0.079375 0.12476600000000006
0 0.2703125 0.9634145 0.079375 0.07129499999999998
0 0.24125 0.7195125 0.01874999999999999 0.05628499999999992
0 0.2609375 0.728893 0.02562499999999998 0.05628600000000006
0 0.2828125 0.7926825 0.06687499999999996 0.07504700000000004
0 0.3034375 0.889775 0.07937500000000003 0.126642
0 0.290625 0.7260785000000001 0.028749999999999998 0.058160999999999956
0 0.32125000000000004 0.804878 0.06375000000000003 0.08818000000000002
0 0.365625 0.9127580000000001 0.09875 0.1500940000000001
0 0.36906249999999996 0.8151970000000002 0.07937500000000003 0.08255200000000017
0 0.3559375 0.7317075 0.03562500000000002 0.07317099999999993
0 0.42562500000000003 0.9263600000000001 0.11125000000000002 0.1303939999999999
0 0.3828125 0.7462479999999999 0.02312499999999995 0.06660399999999995
0 0.41000000000000003 0.8283299999999999 0.05375000000000002 0.06941800000000005
0 0.420625 0.749531 0.04250000000000004 0.08442800000000003
0 0.4653125 0.8442779999999999 0.080625 0.08630400000000006
0 0.45718749999999997 0.763602 0.05437500000000001 0.0863039999999999
0 0.5059375 0.9376174999999999 0.10812500000000003 0.12288899999999997
0 0.49124999999999996 0.7673545 0.052499999999999936 0.09005699999999994
0 0.540625 0.8874295 0.09500000000000003 0.1613510000000001
0 0.53 0.7875234999999999 0.04625000000000001 0.1078789999999999
0 0.5821875 0.7743905 0.06562500000000004 0.100375
0 0.62375 0.791276 0.07125000000000004 0.11163199999999987
0 0.671875 0.8090989999999999 0.0674999999999999 0.1303939999999999
0 0.7215625000000001 0.8184804999999999 0.073125 0.1454030000000001
0 0.760625 0.7931520000000001 0.05624999999999991 0.1266420000000001
0 0.7896875000000001 0.7734520000000001 0.041874999999999996 0.10600399999999992