37 0.3765625 0.4640625 0.221875 0.25625
37 0.565625 0.48125 0.2484375 0.24609375
20 0.87734375 0.41328125 0.2453125 0.2453125
13 0.10625 0.2890625 0.17109375 0.32421875
21 0.528125 0.21328125 0.23125 0.37421875
3 0.39375 0.19375 0.12578125 0.071875
3 0.41875 0.08828125 0.15390625 0.17578125
1 0.715625 0.13671875 0.14140625 0.121875
12 0.66328125 0.3015625 0.16875 0.16640625
23 0.4609375 0.06640625 0.09609375 0.0515625
29 0.4609375 0.0203125 0.10703125 0.040625
29 0.3296875 0.0421875 0.07421875 0.08359375