37 0.6234375 0.45859375 0.221875 0.25625
37 0.434375 0.47578125 0.2484375 0.24609375
20 0.121875 0.40703125 0.24375 0.2453125
13 0.89375 0.284375 0.17109375 0.32421875
21 0.471875 0.20859375 0.23125 0.37421875
3 0.60625 0.18828125 0.12578125 0.071875
3 0.58125 0.08515625 0.15390625 0.1703125
1 0.284375 0.13125 0.14140625 0.121875
12 0.33671875 0.29609375 0.16875 0.16640625
23 0.5390625 0.06171875 0.09609375 0.0515625
29 0.5390625 0.01796875 0.10703125 0.03515625
29 0.66953125 0.0390625 0.0734375 0.078125