37 0.609375 0.471875 0.23125 0.26640625
37 0.41171875 0.4890625 0.25703125 0.25703125
20 0.10703125 0.41875 0.21328125 0.25546875
13 0.890625 0.2890625 0.178125 0.33671875
21 0.45078125 0.2109375 0.240625 0.3890625
3 0.59140625 0.18984375 0.13125 0.075
3 0.5640625 0.0859375 0.1609375 0.17109375
1 0.25546875 0.13046875 0.1484375 0.128125
12 0.31015625 0.3015625 0.175 0.17421875
23 0.52109375 0.05703125 0.1 0.05390625
29 0.52109375 0.015625 0.1109375 0.03046875
29 0.6578125 0.03828125 0.0765625 0.07578125