17 0.503125 0.77578125 0.19609375 0.1390625
27 0.5265625 0.609375 0.2 0.1265625
13 0.93984375 0.434375 0.1203125 0.06875
27 0.55078125 0.725 0.20078125 0.12421875
3 0.94609375 0.128125 0.10703125 0.2140625
37 0.965625 0.49453125 0.06875 0.06875
27 0.625 0.71015625 0.15703125 0.10703125
13 0.965625 0.35625 0.06875 0.08359375
39 0.51640625 0.91640625 0.14609375 0.16640625
39 0.478125 0.909375 0.109375 0.159375
35 0.146875 0.15390625 0.271875 0.3078125
10 0.51328125 0.19921875 0.2484375 0.38359375
36 0.61640625 0.546875 0.27890625 0.17890625
36 0.70859375 0.63515625 0.1890625 0.1
14 0.75859375 0.45234375 0.08671875 0.2703125
14 0.8015625 0.4578125 0.0765625 0.265625
29 0.89765625 0.015625 0.0703125 0.0296875
23 0.90546875 0.0640625 0.05390625 0.05546875
12 0.9671875 0.296875 0.065625 0.05390625
35 0.29765625 0.10625 0.1171875 0.2125