28 0.590625 0.2515625 0.48203125 0.2703125
7 0.42734375 0.959375 0.63359375 0.08125
19 0.48828125 0.4515625 0.2484375 0.13984375
16 0.209375 0.33359375 0.34609375 0.44140625
38 0.665625 0.63359375 0.3859375 0.06328125
7 0.40703125 0.96015625 0.6234375 0.0796875
31 0.33125 0.67890625 0.290625 0.26171875
38 0.66484375 0.63125 0.38359375 0.08359375
28 0.5921875 0.25234375 0.48515625 0.265625
19 0.4875 0.45078125 0.23125 0.1390625
16 0.20703125 0.32890625 0.34375 0.4390625
31 0.3359375 0.66875 0.28515625 0.28359375