29 0.3265625 0.83359375 0.0703125 0.11328125
3 0.47734375 0.86171875 0.1609375 0.1296875
3 0.5375 0.85625 0.17578125 0.06796875
23 0.809375 0.86015625 0.071875 0.08515625
1 0.79140625 0.753125 0.07421875 0.09921875
39 0.70625 0.8078125 0.1 0.084375
10 0.53359375 0.7296875 0.21484375 0.203125
15 0.403125 0.6375 0.1203125 0.23671875
27 0.78046875 0.6484375 0.0390625 0.14296875
35 0.6984375 0.71953125 0.1 0.0796875
12 0.2890625 0.79609375 0.109375 0.1109375
40 0.20546875 0.68984375 0.0703125 0.27578125
9 0.3 0.70625 0.134375 0.06796875
17 0.61953125 0.6953125 0.0703125 0.04296875
36 0.8984375 0.73984375 0.07421875 0.30546875