7 0.62109375 0.91484375 0.603125 0.1703125
6 0.92265625 0.009375 0.1546875 0.01875
31 0.64921875 0.628125 0.33359375 0.24609375
7 0.61640625 0.9109375 0.58359375 0.178125
19 0.48515625 0.4375 0.21328125 0.1203125
28 0.37578125 0.24921875 0.49609375 0.23125
16 0.8109375 0.33984375 0.2859375 0.3546875
6 0.92265625 0.009375 0.13359375 0.01875
31 0.64765625 0.6234375 0.32421875 0.2765625
28 0.384375 0.24921875 0.50546875 0.2609375
19 0.48828125 0.4375 0.21640625 0.128125
16 0.809375 0.33984375 0.2796875 0.36875