7 0.028125 0.4953125 0.05625 0.6203125
28 0.753125 0.32578125 0.275 0.52421875
19 0.540625 0.43125 0.14140625 0.2296875
38 0.3515625 0.2609375 0.090625 0.39296875
31 0.31171875 0.61171875 0.253125 0.30390625
16 0.65703125 0.7265625 0.46875 0.36796875
28 0.74609375 0.32578125 0.28359375 0.4984375
7 0.03046875 0.50703125 0.06015625 0.63125
31 0.309375 0.59921875 0.28515625 0.29375
16 0.6609375 0.71796875 0.4609375 0.3609375
19 0.540625 0.43515625 0.14609375 0.2609375
38 0.34921875 0.2546875 0.065625 0.39375