31 0.27734375 0.56328125 0.39296875 0.3109375
16 0.14140625 0.8734375 0.2828125 0.253125
28 0.63671875 0.89296875 0.5359375 0.2140625
19 0.47578125 0.73671875 0.23984375 0.1515625
38 0.71328125 0.509375 0.43359375 0.078125
7 0.2734375 0.334375 0.54609375 0.1890625
31 0.275 0.5640625 0.40390625 0.33671875
38 0.715625 0.50546875 0.421875 0.0765625
7 0.271875 0.325 0.54375 0.184375
16 0.14765625 0.87109375 0.2953125 0.25703125
28 0.621875 0.89140625 0.51484375 0.21640625
19 0.490625 0.7453125 0.22890625 0.15546875