28 0.74296875 0.37578125 0.2796875 0.5
7 0.02578125 0.54453125 0.0515625 0.65703125
19 0.5359375 0.48203125 0.14453125 0.25625
16 0.6578125 0.7703125 0.45703125 0.359375
38 0.346875 0.29765625 0.065625 0.4
7 0.02421875 0.565625 0.0484375 0.6484375
31 0.29921875 0.64453125 0.271875 0.3015625
38 0.34921875 0.2984375 0.08671875 0.396875
28 0.7421875 0.37421875 0.27578125 0.503125
19 0.53671875 0.4828125 0.14453125 0.240625
16 0.66328125 0.7734375 0.45546875 0.35546875
31 0.3109375 0.640625 0.29453125 0.29609375