7 0.0875 0.60625 0.17421875 0.571875
6 0.971875 0.8953125 0.05546875 0.15390625
31 0.36640625 0.6328125 0.23359375 0.31640625
7 0.090625 0.6015625 0.18046875 0.5546875
19 0.546875 0.47734375 0.1140625 0.2015625
28 0.72578125 0.3734375 0.2203125 0.4703125
16 0.6390625 0.78671875 0.33671875 0.27109375
6 0.971875 0.89296875 0.05546875 0.12578125
3 0.98828125 0.74609375 0.021875 0.08203125
31 0.3703125 0.63125 0.26328125 0.30859375
28 0.725 0.38125 0.2484375 0.4796875
19 0.54609375 0.4796875 0.1203125 0.20546875
16 0.6390625 0.784375 0.35 0.265625