19 0.43046875 0.471875 0.13671875 0.2515625
38 0.6140625 0.3 0.065625 0.38046875
31 0.64296875 0.63203125 0.29296875 0.28125
7 0.94453125 0.48515625 0.1109375 0.74296875
16 0.3125 0.75625 0.453125 0.3484375
28 0.228125 0.36953125 0.28046875 0.509375
38 0.6140625 0.29765625 0.08828125 0.38359375
7 0.9421875 0.4875 0.115625 0.728125
31 0.65390625 0.6515625 0.25859375 0.32421875
16 0.3109375 0.77109375 0.43828125 0.32421875
28 0.22578125 0.37421875 0.26328125 0.49296875
19 0.43125 0.47890625 0.14296875 0.259375