3 0.03984375 0.75859375 0.0796875 0.1453125
7 0.9078125 0.6046875 0.184375 0.48125
31 0.63984375 0.59375 0.22109375 0.35390625
19 0.465625 0.4453125 0.12578125 0.21875
28 0.28046875 0.3390625 0.234375 0.51484375
16 0.38671875 0.7875 0.31796875 0.26875
6 0.05546875 0.9 0.11015625 0.128125
28 0.28828125 0.353125 0.24375 0.48671875
19 0.46640625 0.4484375 0.12421875 0.19453125
3 0.0359375 0.76328125 0.07109375 0.12890625
6 0.05546875 0.91171875 0.11015625 0.14296875
16 0.38828125 0.78359375 0.32109375 0.26328125
31 0.63671875 0.59921875 0.25546875 0.34375
7 0.90703125 0.6109375 0.18515625 0.50546875