28 0.28125 0.2453125 0.5015625 0.259375
34 0.37109375 0.515625 0.3359375 0.0953125
4 0.36640625 0.6140625 0.33671875 0.10078125
7 0.53359375 0.8953125 0.5296875 0.2015625
3 0.7765625 0.34453125 0.44609375 0.21796875
6 0.7421875 0.44453125 0.13359375 0.15390625
6 0.73203125 0.45078125 0.13515625 0.1359375
4 0.36640625 0.61171875 0.35703125 0.10078125
34 0.35859375 0.51796875 0.34609375 0.0984375
28 0.28515625 0.24921875 0.54453125 0.24609375
3 0.771875 0.33671875 0.45546875 0.22578125
7 0.5328125 0.89453125 0.53828125 0.19375