28 0.3109375 0.7265625 0.47578125 0.24609375
34 0.39609375 0.46953125 0.31953125 0.090625
4 0.3921875 0.3765625 0.3203125 0.09609375
7 0.55078125 0.109375 0.5015625 0.19140625
3 0.784375 0.63203125 0.43046875 0.20625
6 0.7484375 0.53828125 0.128125 0.14609375
6 0.7390625 0.53203125 0.128125 0.1296875
4 0.39140625 0.37890625 0.340625 0.09609375
34 0.384375 0.46796875 0.32890625 0.09453125
28 0.31484375 0.72265625 0.51640625 0.234375
3 0.78046875 0.63984375 0.4390625 0.2140625
7 0.55 0.1109375 0.5109375 0.18359375