3 0.7484375 0.959375 0.14296875 0.08125
7 0.596875 0.10078125 0.471875 0.190625
31 0.58671875 0.36953125 0.34609375 0.21640625
19 0.44140625 0.540625 0.2140625 0.12421875
28 0.3375 0.721875 0.5046875 0.2296875
16 0.7765625 0.61796875 0.26328125 0.3109375
6 0.88671875 0.94375 0.12421875 0.11171875
28 0.35078125 0.71328125 0.478125 0.2390625
19 0.44375 0.5390625 0.190625 0.12109375
3 0.7515625 0.9625 0.125 0.075
6 0.8984375 0.94375 0.13984375 0.11171875
16 0.771875 0.615625 0.25703125 0.31484375
31 0.5921875 0.371875 0.33671875 0.25
7 0.60390625 0.103125 0.49453125 0.19140625