28 0.31328125 0.840625 0.47421875 0.28828125
7 0.7421875 0.2890625 0.515625 0.1953125
31 0.6859375 0.5078125 0.35546875 0.31484375
38 0.2765625 0.440625 0.39609375 0.08125
19 0.465625 0.6765625 0.2234375 0.140625
16 0.7859375 0.83984375 0.340625 0.3203125
7 0.74453125 0.290625 0.5109375 0.18828125
31 0.6734375 0.51328125 0.32578125 0.29453125
38 0.27734375 0.43515625 0.38671875 0.09296875
19 0.46796875 0.67265625 0.1984375 0.13203125
28 0.3109375 0.84609375 0.4703125 0.26875
16 0.7796875 0.840625 0.328125 0.31875