19 0.4953125 0.58203125 0.2703125 0.146875
38 0.68046875 0.384375 0.409375 0.0703125
31 0.3234375 0.35390625 0.303125 0.31484375
7 0.48125 0.04453125 0.7984375 0.0890625
16 0.190625 0.70859375 0.375 0.48671875
28 0.60546875 0.79921875 0.5484375 0.3015625
38 0.6828125 0.384375 0.41171875 0.09453125
7 0.47734375 0.04609375 0.7828125 0.0921875
31 0.3015625 0.34140625 0.3484375 0.278125
16 0.17421875 0.70859375 0.3484375 0.4703125
28 0.60078125 0.8015625 0.5296875 0.28359375
19 0.48828125 0.58125 0.2796875 0.15390625