28 0.165625 0.27890625 0.3 0.49296875
7 0.7390625 0.728125 0.203125 0.54375
31 0.5125 0.6671875 0.328125 0.3703125
38 0.58203125 0.24140625 0.08515625 0.41328125
19 0.33671875 0.43828125 0.14609375 0.23203125
16 0.16640625 0.77265625 0.33125 0.35390625
7 0.73828125 0.73125 0.1953125 0.53671875
31 0.50625 0.65390625 0.30625 0.3390625
38 0.58828125 0.2421875 0.096875 0.4015625
19 0.340625 0.440625 0.13828125 0.20625
28 0.1609375 0.27734375 0.2796875 0.4890625
16 0.165625 0.76484375 0.33046875 0.34140625