7 0.48046875 0.9671875 0.6796875 0.065625
34 0.54375 0.53203125 0.39921875 0.1203125
28 0.62109375 0.240625 0.48984375 0.26875
4 0.546875 0.65078125 0.4 0.1203125
6 0.25078125 0.40703125 0.1703125 0.2546875
3 0.2390625 0.28515625 0.478125 0.31875
4 0.55078125 0.64921875 0.38671875 0.121875
7 0.4796875 0.965625 0.665625 0.06875
34 0.54921875 0.53203125 0.39609375 0.11640625
28 0.63203125 0.234375 0.42578125 0.25859375
6 0.234375 0.41796875 0.2015625 0.23046875
3 0.25078125 0.271875 0.5015625 0.31484375