4 0.42734375 0.34609375 0.33984375 0.1140625
3 0.80546875 0.62890625 0.3890625 0.2109375
6 0.78671875 0.51953125 0.11484375 0.1234375
28 0.33046875 0.71328125 0.496875 0.22890625
34 0.42578125 0.4546875 0.32578125 0.096875
7 0.60859375 0.09296875 0.53125 0.1859375
34 0.4328125 0.446875 0.33203125 0.1015625
7 0.60078125 0.08828125 0.52578125 0.17578125
6 0.79375 0.52421875 0.134375 0.15
3 0.80390625 0.6234375 0.390625 0.21484375
28 0.33359375 0.715625 0.50390625 0.25703125
4 0.42890625 0.35078125 0.33515625 0.10546875