19 0.48671875 0.45546875 0.26328125 0.14296875
38 0.30703125 0.6484375 0.3984375 0.06875
31 0.65390625 0.678125 0.29453125 0.30703125
7 0.50078125 0.9671875 0.7765625 0.065625
16 0.78359375 0.33203125 0.36484375 0.47421875
28 0.38046875 0.24375 0.53359375 0.29296875
38 0.30390625 0.646875 0.4 0.09140625
7 0.50390625 0.965625 0.76171875 0.06875
31 0.675 0.6890625 0.3390625 0.2703125
16 0.79921875 0.33046875 0.3390625 0.45859375
28 0.384375 0.24140625 0.51484375 0.27578125
19 0.49375 0.45625 0.271875 0.15