10 0.70703125 0.14609375 0.28125 0.24140625
21 0.559375 0.28828125 0.25546875 0.06484375
37 0.75859375 0.40390625 0.11796875 0.13515625
27 0.5578125 0.828125 0.19921875 0.04609375
12 0.63046875 0.73828125 0.18671875 0.05625
13 0.709375 0.83046875 0.08359375 0.1765625
17 0.6171875 0.60546875 0.06015625 0.10546875
14 0.5609375 0.446875 0.24296875 0.05390625
35 0.57421875 0.72578125 0.11171875 0.10859375
36 0.7953125 0.8703125 0.14296875 0.2546875
39 0.67421875 0.29375 0.15859375 0.04609375
40 0.5984375 0.5234375 0.31171875 0.07578125