32 0.05390625 0.67421875 0.0734375 0.26328125
9 0.19296875 0.60234375 0.0609375 0.275
37 0.1125 0.70703125 0.05703125 0.165625
15 0.021875 0.75703125 0.04375 0.1703125
30 0.096875 0.8359375 0.1390625 0.10546875
14 0.21328125 0.75859375 0.13125 0.0703125
26 0.115625 0.6265625 0.071875 0.13671875
35 0.24140625 0.84140625 0.09375 0.08671875
5 0.2765625 0.69765625 0.08125 0.096875
29 0.31796875 0.77421875 0.05390625 0.09921875
23 0.33046875 0.8578125 0.04453125 0.0796875
2 0.41171875 0.534375 0.296875 0.4953125
2 0.690625 0.2609375 0.19609375 0.3390625