5 0.359375 0.54453125 0.07578125 0.07421875
9 0.43515625 0.62109375 0.24921875 0.040625
15 0.25859375 0.79921875 0.175 0.12578125
2 0.5140625 0.434375 0.42109375 0.303125
20 0.38203125 0.77578125 0.1796875 0.02578125
2 0.7859375 0.21796875 0.29140625 0.1703125
30 0.2078125 0.66875 0.11171875 0.12109375
32 0.35390625 0.7359375 0.25390625 0.05
37 0.334375 0.6875 0.14296875 0.04453125
14 0.29375 0.59296875 0.05625 0.12578125
29 0.30078125 0.48359375 0.09375 0.04921875
23 0.23359375 0.44609375 0.0640625 0.040625
35 0.23203125 0.5390625 0.090625 0.0890625