32 0.665625 0.06640625 0.25390625 0.0703125
9 0.59609375 0.20078125 0.26484375 0.059375
37 0.696875 0.1234375 0.159375 0.05546875
15 0.74609375 0.02890625 0.16484375 0.05703125
30 0.82109375 0.10859375 0.1015625 0.134375
14 0.746875 0.22109375 0.06796875 0.12578125
26 0.61953125 0.1265625 0.13359375 0.0703125
35 0.8265625 0.24765625 0.08359375 0.090625
5 0.68828125 0.28203125 0.09453125 0.078125
29 0.76171875 0.321875 0.09609375 0.0515625
23 0.84296875 0.334375 0.07578125 0.04375
2 0.53125 0.41328125 0.478125 0.28671875
2 0.26640625 0.68125 0.3265625 0.18984375