29 0.84375 0.74140625 0.10703125 0.059375
32 0.73046875 0.9796875 0.2640625 0.040625
2 0.33046875 0.3390625 0.35390625 0.1953125
5 0.75625 0.77265625 0.09296875 0.08359375
35 0.90390625 0.82109375 0.0890625 0.1
2 0.60078125 0.62890625 0.51328125 0.28671875
9 0.6625 0.84921875 0.271875 0.05625
26 0.68203125 0.921875 0.13984375 0.0796875
37 0.759375 0.9359375 0.15703125 0.05625
14 0.81640625 0.8359375 0.08125 0.1296875
30 0.89140625 0.94453125 0.12421875 0.1109375
23 0.9375 0.73515625 0.0890625 0.04375