17 0.2471875 0.49375 0.131875 0.1875
25 0.4053125 0.47125 0.120625 0.19
13 0.571875 0.0675 0.06625 0.1325
25 0.295625 0.448125 0.11875 0.19125
3 0.864375 0.0696875 0.20375 0.106875
35 0.515 0.0425 0.065 0.085
25 0.3096875 0.3771875 0.101875 0.149375
13 0.646875 0.0425 0.07875 0.085
37 0.104375 0.4809375 0.17625 0.139375
37 0.1196875 0.5171875 0.151875 0.104375
33 0.8459375 0.8321875 0.306875 0.259375
10 0.7965625 0.4834375 0.365625 0.236875
34 0.465 0.3853125 0.17 0.265625
34 0.38125 0.2971875 0.095 0.179375
14 0.5553125 0.2503125 0.258125 0.083125
14 0.5503125 0.2090625 0.253125 0.073125
27 0.97875 0.1175 0.0425 0.0675
22 0.925 0.1103125 0.0525 0.050625
12 0.703125 0.04125 0.05125 0.0825
33 0.8915625 0.6884375 0.215625 0.111875