27 0.32875 0.8325 0.07 0.1125
3 0.47875 0.860625 0.16 0.12875
3 0.5384375 0.8546875 0.174375 0.066875
22 0.8084375 0.85875 0.071875 0.085
1 0.7903125 0.7528125 0.073125 0.098125
37 0.705625 0.806875 0.09875 0.08375
10 0.534375 0.729375 0.21375 0.20125
15 0.405 0.6378125 0.12 0.235625
25 0.779375 0.6484375 0.03875 0.141875
33 0.698125 0.719375 0.09875 0.07875
12 0.2915625 0.7953125 0.108125 0.110625
38 0.20875 0.6896875 0.07 0.274375
9 0.3028125 0.7059375 0.133125 0.066875
17 0.62 0.695 0.07 0.0425
34 0.8965625 0.7390625 0.073125 0.303125