3 0.955625 0.74625 0.08875 0.14
7 0.1075 0.598125 0.1875 0.46375
29 0.3715625 0.5875 0.213125 0.34
18 0.539375 0.445 0.12125 0.21
26 0.7178125 0.3428125 0.225625 0.495625
16 0.6153125 0.7740625 0.305625 0.258125
6 0.940625 0.8825 0.11875 0.1225
26 0.7096875 0.3559375 0.234375 0.469375
18 0.5384375 0.4475 0.119375 0.1875
3 0.959375 0.750625 0.08125 0.12375
6 0.938125 0.89375 0.11375 0.1375
16 0.6134375 0.77 0.309375 0.2525
29 0.374375 0.5928125 0.24625 0.330625
7 0.1103125 0.604375 0.188125 0.48625